# genetated time: 2023-04-24 14:58:59.839832
# histogram number: 2048
# sample number: 100
# tune number: 5
###
# op_name    threshold    min    max
images 2.6399994 -2.1179035 2.6399994
205_Concat_Depth2Space 2.6399994 -2.1179035 2.6399994
206_Conv 132.1899608 -208.3326416 204.2901001
208_Mul 127.6937866 -0.2784646 204.2901001
209_Conv 175.2499672 -505.0139771 479.5093079
211_Mul 227.7844902 -0.2784646 479.5093079
212_Conv 46.1495819 -92.2540970 54.4021225
214_Mul 37.4197311 -0.2784646 54.4021225
215_Conv 107.3335342 -156.0452728 85.4086685
217_Mul 51.2618911 -0.2784646 85.4086685
218_Conv 54.2396927 -86.7411346 76.7365189
220_Mul 33.5792565 -0.2784646 76.7365189
221_Add 47.2361164 -0.5569291 82.1201172
222_Conv 102.6230011 -328.2332764 148.2646637
224_Mul 46.3553429 -0.2784646 148.2646637
225_Concat 46.3553429 -0.5569291 148.2646637
226_Conv 61.7554588 -109.7338791 47.6248131
228_Mul 30.2139541 -0.2784646 47.6248131
229_Conv 18.5480194 -59.3246803 24.8503742
231_Mul 16.4647387 -0.2784646 24.8503742
232_Conv 34.2211494 -45.6059227 10.0273857
234_Mul 6.6456045 -0.2784646 10.0269423
235_Conv 13.6937046 -19.9083900 15.0315733
237_Mul 12.2191162 -0.2784646 15.0315695
238_Conv 8.5231009 -15.1447802 9.6303864
240_Mul 5.9893119 -0.2784646 9.6297541
241_Add 7.9403090 -0.5569291 11.5439014
242_Conv 18.8195992 -27.3605957 11.4325972
244_Mul 4.9309871 -0.2784646 11.4324732
245_Conv 8.8334799 -11.7722225 8.7882633
247_Mul 6.8653473 -0.2784646 8.7869234
248_Add 8.9404182 -0.8353863 14.2976837
249_Conv 9.5037594 -13.8168993 10.2357616
251_Mul 4.4146701 -0.2784646 10.2353945
252_Conv 12.0294342 -21.3752174 21.0265884
254_Mul 8.4126896 -0.2784646 21.0265884
255_Add 15.3839133 -1.1137831 22.8899651
256_Conv 35.4233360 -47.2080498 28.6865730
258_Mul 15.7825196 -0.2784646 28.6865730
259_Concat 14.9760162 -1.1137831 28.6865730
260_Conv 12.0239410 -17.4808292 11.1356697
262_Mul 4.4552910 -0.2784646 11.1355076
263_Conv 14.7450972 -18.1389503 13.3091717
265_Mul 6.8219959 -0.2784646 13.3091497
266_Conv 11.2154207 -12.8113651 6.7904716
268_Mul 3.5193257 -0.2784646 6.7828450
269_Conv 8.7098656 -11.5566053 13.9289799
271_Mul 6.9665257 -0.2784646 13.9289684
272_Conv 6.2342377 -8.3082581 7.8568201
274_Mul 3.8050741 -0.2784646 7.8537803
275_Add 5.5682249 -0.5569291 11.1310120
276_Conv 8.1414518 -11.1565037 14.4666243
278_Mul 5.7880606 -0.2784646 14.4666176
279_Conv 7.4861307 -11.0021601 23.9439201
281_Mul 7.4861307 -0.2784646 23.9439201
282_Add 6.9538388 -0.8353915 27.8017731
283_Conv 8.6600847 -11.4040833 27.6987400
285_Mul 4.3286892 -0.2784646 27.6987400
286_Conv 10.6294289 -18.7335625 21.2484779
288_Mul 8.5014671 -0.2784646 21.2484779
289_Add 12.5778198 -1.1136578 40.2293701
290_Conv 16.4625168 -18.8238277 21.9393044
292_Mul 12.3468876 -0.2784646 21.9393044
293_Concat 10.8149597 -1.1136578 40.2293701
294_Conv 9.0465918 -12.9863491 13.1522541
296_Mul 3.9463113 -0.2784646 13.1522293
297_Conv 10.8288498 -12.0095291 12.3697853
299_Mul 4.9491013 -0.2784646 12.3697319
300_Conv 7.3112144 -11.6922312 8.6191092
302_Mul 3.4478630 -0.2784646 8.6175528
303_Conv 10.0327734 -15.0533018 20.3116283
305_Mul 8.7606921 -0.2784646 20.3116283
306_Conv 10.2184706 -13.5818110 18.1572990
308_Mul 5.9031182 -0.2784646 18.1572990
309_Add 8.9510241 -0.5569291 17.8933067
310_Conv 10.6432571 -11.3030529 17.0208969
312_Mul 7.3409373 -0.2784646 17.0208969
313_Concat 6.9908023 -0.5569291 17.8933067
314_Conv 8.0872383 -11.0092354 18.4760914
316_Mul 6.3520025 -0.2784646 18.4760914
317_Conv 7.7958713 -41.5576782 14.3612537
319_Mul 5.8367552 -0.2784646 14.3612452
320_Conv 8.3547859 -6.6546059 12.1464815
322_Mul 8.8077839 -0.2784646 12.1464167
323_MaxPool 9.1142626 -0.2784421 12.1464167
324_MaxPool 12.1464167 -0.2783336 12.1464167
325_MaxPool 12.1464167 -0.2771164 12.1464167
326_Concat 9.1142626 -0.2784646 12.1464167
327_Conv 14.7160349 -21.3946896 7.4376607
329_Mul 3.4855098 -0.2784646 7.4332852
330_Conv 11.9314461 -21.2011032 14.0732841
332_Mul 5.7197169 -0.2784646 14.0732737
333_Conv 8.4374879 -9.8102760 17.0819283
335_Mul 8.2760147 -0.2784646 17.0819283
336_Conv 9.1413298 -12.1680908 14.6189852
338_Mul 5.8490198 -0.2784646 14.6189785
339_Conv 7.3542199 -11.1681557 14.7012577
341_Mul 5.8819372 -0.2784646 14.7012520
342_Concat 5.8819372 -0.2784646 14.7012520
343_Conv 8.2387609 -13.8075943 18.8222580
345_Mul 6.8250225 -0.2784646 18.8222580
346_Conv 7.7373314 -13.7485390 9.4871035
348_Mul 5.7525396 -0.2784646 9.4863844
353_Resize 5.7525396 -0.2784646 9.4863844
354_Concat 5.5437300 -0.2784646 18.4760914
355_Conv 8.4219208 -10.2372952 11.2237453
357_Mul 4.9113511 -0.2784646 11.2235956
358_Conv 8.2953644 -12.3332520 14.7401133
360_Mul 5.8974833 -0.2784646 14.7401075
361_Conv 7.8173451 -12.5016451 12.4501514
363_Mul 5.8379246 -0.2784646 12.4501028
364_Conv 6.3812561 -10.2050238 8.4243736
366_Mul 5.8177966 -0.2784646 8.4225254
367_Concat 5.8379246 -0.2784646 12.4501028
368_Conv 10.1428270 -14.7459984 11.9904137
370_Mul 6.9338367 -0.2784646 11.9903393
371_Conv 7.4047332 -10.7652617 10.0049191
373_Mul 5.0036999 -0.2784646 10.0044670
378_Resize 5.0036999 -0.2784646 10.0044670
379_Concat 5.7553050 -0.2784646 13.1522293
380_Conv 7.6689343 -12.2643042 8.0121326
382_Mul 4.4069740 -0.2784646 8.0094786
383_Conv 7.4491735 -11.9128580 11.0873051
385_Mul 4.4359377 -0.2784646 11.0871363
386_Conv 6.9834218 -12.4089108 10.5783854
388_Mul 5.1249859 -0.2784646 10.5781155
389_Conv 7.0468011 -9.3911467 8.1377287
391_Mul 4.8828003 -0.2784646 8.1353512
392_Concat 5.1249859 -0.2784646 10.5781155
393_Conv 7.0495076 -11.3873329 12.5263386
395_Mul 5.9504485 -0.2784646 12.5262938
396_Conv 7.3970218 -9.7449684 11.8294554
398_Mul 6.8407504 -0.2784646 11.8293695
403_Resize 6.8407504 -0.2784646 11.8293695
404_Concat 6.8407504 -0.2784646 11.8293695
405_Conv 6.0608273 -9.6925888 4.1171188
407_Mul 3.4826373 -0.2784646 4.0511203
408_Conv 5.6366873 -8.4028378 9.0142956
410_Mul 4.5088010 -0.2784646 9.0131989
411_Conv 10.5564156 -12.0585842 9.3682213
413_Mul 4.8903252 -0.2784646 9.3674221
414_Conv 8.2489519 -10.9932327 9.4796124
416_Mul 4.9485170 -0.2784646 9.4788885
417_Concat 4.4155321 -0.2784646 9.4788885
418_Conv 19.0714073 -33.8881683 30.1598167
420_Mul 16.6851416 -0.2784646 30.1598167
421_Conv 16.9896622 -22.6418228 16.4031029
423_Mul 6.6666144 -0.2784646 16.4031010
424_Concat 7.1790610 -0.2784646 16.4031010
425_Conv 5.7987738 -7.7279229 5.7471051
427_Mul 3.1693211 -0.2784646 5.7288184
428_Conv 5.2404351 -6.9838352 5.2503209
430_Mul 3.4616212 -0.2784646 5.2229223
431_Conv 6.8592649 -9.9722414 7.5473461
433_Mul 4.3622182 -0.2784646 7.5433669
434_Conv 7.9941025 -21.3071976 6.2516508
436_Mul 4.3680426 -0.2784646 6.2396255
437_Concat 4.3622182 -0.2784646 7.5433669
438_Conv 15.0469750 -24.1813164 32.0895538
440_Mul 16.4484435 -0.2784646 32.0895538
441_Conv 7.2495222 -10.6247978 12.8817463
443_Mul 5.7983445 -0.2784646 12.8817139
444_Concat 5.7983445 -0.2784646 12.8817139
445_Conv 8.3645306 -11.1472626 9.4019480
447_Mul 4.9079446 -0.2784646 9.4011717
448_Conv 7.4846478 -10.8814449 7.6840720
450_Mul 4.2490595 -0.2784646 7.6805377
451_Conv 10.8299160 -13.3226185 8.9847717
453_Mul 4.9429805 -0.2784646 8.9836464
454_Conv 6.3702111 -7.2766867 5.4160295
456_Mul 4.3311675 -0.2784646 5.3920631
457_Concat 4.9416638 -0.2784646 8.9836464
458_Conv 9.9220276 -19.8343658 8.2829075
460_Mul 4.3230544 -0.2784646 8.2808142
461_Conv 8.2590961 -11.7409420 11.7342548
463_Mul 8.4366157 -0.2784646 11.7341614
464_Concat 8.5079836 -0.2784646 11.7341614
465_Conv 6.4110327 -8.1756773 9.3205853
467_Mul 5.6514933 -0.2784646 9.3197508
468_Conv 7.9135323 -10.5462246 8.3888521
470_Mul 5.0858405 -0.2784646 8.3869457
471_Conv 8.4049950 -10.3932953 11.2011871
473_Mul 5.7414189 -0.2784646 11.2010336
474_Conv 6.9011383 -9.1970253 6.2701635
476_Mul 5.7896369 -0.2784646 6.2583232
477_Concat 5.7414189 -0.2784646 11.2010336
478_Conv 9.1812229 -16.3142052 9.6886387
480_Mul 4.2401139 -0.2784646 9.6880379
481_Conv 20.0734386 -22.9298706 10.4701433
504_Reshape 20.0734386 -22.9298706 10.4701433
505_Transpose 20.0734386 -22.9298706 10.4701433
506_Sigmoid 0.9999716 0.0000000 0.9999716
511_Slice 0.9845420 0.0306589 0.9845420
513_Mul 1.9690840 0.0613178 1.9690840
515_Sub 1.3779391 -0.4386822 1.4690840
517_Add 159.8723297 0.0501710 159.8723297
519_Mul 1278.9786377 0.4013677 1278.9786377
524_Slice 0.9696679 0.2245566 0.9696679
526_Mul 1.9393357 0.4491132 1.9393357
528_Pow 3.5276816 0.2017027 3.7610230
533_Mul 334.0553589 7.3404880 334.0553589
538_Slice 0.9999716 0.0000000 0.9999716
539_Concat 1278.9786377 0.0000000 1278.9786377
549_Reshape 1278.9786377 0.0000000 1278.9786377
550_Conv 15.8462067 -18.1011086 8.4671354
573_Reshape 15.8462067 -18.1011086 8.4671354
574_Transpose 15.8462067 -18.1011086 8.4671354
575_Sigmoid 0.9997898 0.0000000 0.9997898
580_Slice 0.9892178 0.0204713 0.9892178
582_Mul 1.9784355 0.0409425 1.9784355
584_Sub 1.4784355 -0.4590575 1.4784355
586_Add 79.3556366 0.1323652 79.3556366
588_Mul 1269.6901855 2.1178436 1269.6901855
593_Slice 0.9747100 0.2434432 0.9963453
595_Mul 1.9865092 0.4868865 1.9926907
597_Pow 3.9088388 0.2370584 3.9708161
602_Mul 603.8992920 21.7559662 603.8992920
607_Slice 0.9997898 0.0000000 0.9997898
608_Concat 1269.6901855 0.0000000 1269.6901855
618_Reshape 1269.6901855 0.0000000 1269.6901855
619_Conv 14.1170187 -16.1258583 8.7370930
642_Reshape 14.1170187 -16.1258583 8.7370930
643_Transpose 14.1170187 -16.1258583 8.7370930
644_Sigmoid 0.9998394 0.0000001 0.9998394
649_Slice 0.9796709 0.0211727 0.9796709
651_Mul 1.9593419 0.0423454 1.9593419
653_Sub 1.4593419 -0.4576546 1.4593419
655_Add 39.7883606 0.5018630 39.7883606
657_Mul 1273.2275391 16.0596161 1273.2275391
662_Slice 0.9994554 0.2313950 0.9994554
664_Mul 1.9989108 0.4627899 1.9989108
666_Pow 3.9956443 0.2141745 3.9956443
671_Mul 1258.1383057 31.9030285 1341.3588867
676_Slice 0.9998394 0.0000001 0.9998394
677_Concat 1258.1383057 0.0000001 1341.3588867
687_Reshape 1341.3588867 0.0000001 1341.3588867
688_Conv 13.5775282 -15.7938347 8.9052172
711_Reshape 13.5775282 -15.7938347 8.9052172
712_Transpose 12.8387594 -15.7938347 8.9052172
713_Sigmoid 0.9998643 0.0000001 0.9998643
718_Slice 0.9811078 0.0116194 0.9811078
720_Mul 1.9622155 0.0232388 1.9622155
722_Sub 1.4622155 -0.4767612 1.4622155
724_Add 19.4764423 0.3432375 19.4764423
726_Mul 1246.4923096 21.9672012 1246.4923096
731_Slice 0.9180383 0.2288376 0.9180383
733_Mul 1.8360766 0.4576752 1.8360766
735_Pow 3.3711774 0.2094666 3.3711774
740_Mul 1401.8961182 96.6275177 1401.8961182
745_Slice 0.9998643 0.0000001 0.9998643
746_Concat 1401.8961182 0.0000001 1401.8961182
756_Reshape 1401.8961182 0.0000001 1401.8961182
output_Concat 1401.8961182 0.0000000 1401.8961182
